8
12
13
13
18
23
26
28
33
38
47
56
56
65
68
77
77
82
91
97
104
108
116
118
121
130
131
134
140
140
142
146
152
155
160
161
162
170
175
181
186
191
198
204
208
208
215
221
229
237
241
248
253
255
256
264
265
267
268
268
270
273
277
277
286
287
288
290
291
299
307
314
317
325
330
337
345
349
354
362
366
367
374
383
386
394
402
409
411
412
421
427
434
437
443
451
458
467
467
475
483
483
490
491
499
503
504
513
521
529
536
539
539
546
548
553
560
562
566
566
572
575
583
588
597
602
605
613
619
622
628
632
637
643
651
655
655
664
667
676
683
685
689
698
707
713
720
729
730
731
740
749
756
763
767
773
777
784
788
789
791
793
798
805
813
818
821
822
826
832
832
836
837
843
846
848
852
854
855
860
864
866
872
873
873
873
882
888
897
902
911
914
921
928
929
937
939
945
946
953
956
959
962
966
975
983
989
992
993
993
994
999
1001
1008
1016
1020
1028
1035
1036
1045
1049
1049
1052
1055
1062
1068
1071
1071
1073
1077
1086
1093
1100
1102
1105
1111
1111
1113
1115
1116
1118
1121
1129
1133
1135
1143
1152
1154
1161
1163
1165
1166
1168
1173
1178
1180
1183
1191
1195
1200
1205
1208
1213
1217
1224
1232
1235
1244
1244
1249
1252
1256
1256
1257
1266
1268
1268
1268
1273
1282
1284
1293
1294
1300
1306
1314
1322
1331
1339
1343
1349
1352
1359
1360
1368
1374
1374
1375
1381
1383
1391
1400
1407
1415
1417
1423
1423
1425
1431
1438
1442
1442
1448
1453
1459
1461
1464
1471
1472
1475
1476
1484
1491
1492
1501
1508
1515
1516
1524
1527
1531
1537
1539
1540
1546
1551
1560
1566
1575
1582
1586
1589
1596
1598
1598
1603
1608
1613
1617
1625
1634
1640
1646
1652
1659
1667
1672
1678
1679
1684
1684
1689
1690
1694
1702
1709
1718
1727
1732
1733
1739
1740
1746
1751
1755
1762
1763
1764
1766
1771
1780
1781
1784
1792
1801
1803
1811
1817
1826
1835
1836
1845
1852
1854
1857
1862
1863
1868
1873
1882
1890
1893
1893
1897
1906
1912
1913
1915
1922
1928
1937
1946
1955
1958
1965
1966
1973
1978
1985
1991
1997
2006
2013
2016
2019
2022
2031
2038
2038
2044
2050
2058
2067
2075
2077
2077
2084
2090
2092
2098
2100
2102
2107
2108
2115
2119
2123
2127
2128
2130
2131
2139
2142
2142
2145
2151
2154
2156
2161
2164
2164
2167
2168
2170
2174
2180
2182
2183
2185
2190
2197
2201
2210
2213
2220
2226
2235
2239
2239
2240
2246
2249
2258
2259
2263
2265
2274
2283
2290
2295
2298
2307
2315
2319
2320
2324
2324
2328
2333
2337
2338
2341
2341
2341
2349
2357
2363
2370
2374
2382
2390
2390
2394
2403
2406
2406
2410
2412
2421
2424
2431
2433
2437
2445
2454
2460
2462
2463
2465
2465
2471
2474
2477
2483
2488
2491
2497
2498
2498
2498
2499
2500
2502
2509
2511
2516
2523
2531
2531
2540
2543
2550
2551
2559
2566
2568
2572
2574
2580
2588
2590
2594
2595
2602
2604
2610
2610
2619
2628
2630
2631
2633
2638
2644
2644
2644
2647
2656
2664
2667
2675
2677
2680
2682
2682
2684
2690
2696
2702
2704
2708
2716
2722
2729
2736
2745
2748
2757
2757
2761
2765
2768
2776
2785
2786
2794
2803
2808
2808
2808
2808
2816
2818
2823
2825
2829
2829
2838
2838
2844
2845
2851
2858
2866
2869
2873
2882
2890
2896
2905
2909
2909
2913
2915
2924
2930
2931
2932
2935
2938
2939
2942
2943
2948
2949
2955
2956
2957
2962
2965
2974
2982
2991
2997
3003
3007
3010
3017
3019
3028
3036
3042
3051
3054
3062
3062
3071
3072
3073
3075
3079
3083
3090
3098
3099
3099
3103
3105
3106
3107
3114
3115
3124
3130
3139
3147
3147
3149
3154
3158
3161
3165
3167
3169
3176
3179
3184
3192
3196
3204
3206
3207
3212
3221
3222
3228
3228
3235
3236
3239
3247
3255
3261
3270
3277
3285
3292
3301
3301
3306
3312
3318
3319
3327
3327
3327
3328
3333
3341
3349
3353
3353
3354
3363
3364
3366
3373
3376
3377
3385
3392
3393
3402
3407
3407
3413
3416
3416
3423
3429
3436
3439
3441
3449
3451
3453
3453
3458
3466
3466
3471
3475
3475
3481
3484
3487
3487
3487
3494
3495
3496
3502
3506
3506
3507
3514
3522
3529
3536
3541
3544
3550
3551
3558
3564
3567
3576
3582
3582
3591
3597
3603
3608
3616
3620
3628
3629
3634
3635
3643
3651
3655
3659
3662
3668
3676
3676
3680
3685
3694
3695
3703
3710
3712
3717
3720
3727
3733
3734
3734
3742
3749
3755
3758
3765
3767
3771
3771
3778
3785
3794
3802
3803
3808
3809
3816
3821
3824
3827
3827
3831
3835
3835
3836
3845
3852
3856
3864
3868
3873
3881
3885
3889
3895
3902
3905
3914
3915
3918
3924
3932
3936
3942
3943
3945
3954
3954
3961
3963
3966
3974
3982
3982
3990
3999
4008
4014
4019
4026
4028
4030
4036
4042
4050
4052
4057
4058
4061
4068
4075
4077
4084
4085
4093
4094
4097
4105
4106
4107
4109
4114
4115
4116
4121
4122
4124
4130
4139
4147
4150
4151
4153
4154
4163
4164
4170
4175
4177
4186
4190
4199
4200
4203
4206
4206
4210
4218
4218
4224
4233
4237
4240
4242
4247
4247
4251
4251
4257
4260
4260
4261
4268
4270
4273
4279
4282
4283
4284
4292
4292
4299
4308
4312
4313
4317
4323
4328
4331
4337
4340
4342
4344
4352
4359
4359
4367
4368
4368
4372
4378
4378
4384
4387
4389
4390
4392
4400
4402
4407
4415
4419
4422
4429
4437
4441
4443
4449
4450
4455
4459
4466
4475
4482
4487
4495
4502
4506
4515
4522
4522
